0.000000000000000000e+00 0.000000000000000000e+00 0.000000000000000000e+00 0.000000000000000000e+00 -4.239333458208454641e-01
1.057064861317398054e-02 -1.087644925983169940e-03 -7.469846730384177656e-06 1.239954072877007610e-02 1.039960243749514124e+00
9.276510151960216943e-03 4.025098992697264191e-03 1.989939812134218847e-05 -1.810141265227126900e-02 -1.103137223622365770e+00
1.206773567953630874e-02 -2.496036922327090485e-02 -3.553261875114953100e-04 1.427778894005951593e-02 -2.504588562006458963e-01
1.019459247125958923e-02 -3.261926425115552891e-02 -1.717864180650094212e-04 2.163505337764467726e-02 9.125902880685099472e-01
-3.502323139424947177e-03 -1.480439245211422061e-02 4.380964779386665770e-04 -5.239765889599730213e-03 -4.346986690231210426e-01
1.690552539504035917e-02 -2.743089807840988145e-02 3.473288734719647800e-04 7.628612850648326844e-03 1.640861806065009310e-01
2.216545729100690559e-02 -3.128303847166234719e-02 5.185810787979405583e-04 2.792553536367149182e-03 -2.961018818525166796e-01
2.701704361177617586e-02 -4.475351484417507131e-02 5.083005710636763225e-04 1.164073361404472859e-02 -6.704163509025324874e-01
3.138052055856835332e-02 -4.914342874737398503e-02 7.575706248058887210e-04 3.133115575290875560e-02 6.377382290373952989e-01
3.172292875453073396e-02 -3.217454012478294934e-02 1.197597033273731975e-03 1.295831607764670775e-02 1.542524958776693378e+00
2.514643684528555800e-02 -9.046099461884320875e-03 1.480470425012168044e-03 -3.171838380721636597e-02 -1.467975747355903637e+00
2.660318640497708401e-02 -2.672758309152987663e-02 7.727005262895831738e-04 1.173414538928367785e-02 8.757914944083827757e-02
2.503195804322178031e-02 -1.563085465116393485e-02 8.491385325619621276e-04 9.302804950678675994e-03 8.552419413373824053e-01
1.713084958885749409e-02 3.102164189799497956e-02 9.704997326542440152e-04 -1.542073784356745060e-02 -1.224335535435398636e+00
2.009217505882745364e-02 5.321833936900957629e-03 6.795923165345009974e-04 2.069516663442792434e-02 -4.848948707820932569e-03
8.322020278094997836e-03 -6.206410163454004550e-03 1.019813930047214863e-03 2.103529190952269090e-02 1.472411331077538632e+00
8.364169053737668252e-03 3.080736575527632387e-02 1.411306233768049815e-03 -2.167489503217431834e-02 -7.124719172119424737e-01
3.698439294619105568e-03 2.130247767638519460e-02 8.918446984768369510e-04 -3.589936010750786497e-04 3.850562395910399616e-01
6.479580910352741516e-03 3.695420733635846472e-02 6.730054756473602146e-04 -1.128007443502566584e-02 -5.014759678523719177e-01
3.523607890904921231e-03 3.060106642469289165e-02 2.848409492845968560e-04 3.452262918596173732e-03 4.654067020251206888e-02
5.667511996609395780e-04 2.232028945956103516e-02 4.518100482599377932e-04 2.158311173387713906e-03 -5.548068913615794573e-02
-4.555851344703611659e-03 1.088928139898610349e-02 4.003958662347183455e-04 3.936539850659279312e-03 3.983619113429057723e-01
-2.153490503404924608e-02 1.060836030905619107e-02 3.467253592616880917e-04 -7.513916511789404951e-03 3.682855744658290464e-01
-1.697496415538101225e-02 9.909258493797748132e-03 9.396686626154635588e-05 -1.816162202156076932e-02 -1.069463013867338441e+00
-9.610811808618266450e-03 5.403522590140368009e-04 -2.614344033120827369e-04 1.312934827509147466e-02 1.969403619305468700e-01
-1.229204319148713594e-02 7.439209135595768567e-03 1.672674580272146493e-04 7.315643960638770066e-03 5.279531983569539788e-01
-1.628027280427807658e-02 2.733768883648591067e-02 1.793857588357859875e-04 -8.144830764309331575e-03 -2.134926952587719029e-01
-1.708694424504605264e-02 3.262097989610936860e-02 -9.945574173973293719e-05 -1.702885280544689595e-03 -6.855839194850625873e-01
-1.385818503512999990e-02 3.369466393905030249e-02 -1.209553994537441264e-04 1.842835080330081435e-02 9.276127428543328168e-01
-1.347550195162612596e-02 7.072150754316584853e-02 1.921134643330494360e-04 -8.724970048877535994e-03 6.282978320382212045e-01
-6.020313620943573696e-04 7.752176186440104533e-02 -5.123648879681680596e-06 -2.698407058415818946e-02 -1.380948271528648075e+00
-7.625054659612760279e-03 5.937821600744273148e-02 -6.432359906575170960e-04 1.337029418489486463e-02 1.709978192542977116e+00
1.478329968027308067e-03 1.102560706672526813e-01 -4.959267371586713932e-04 -3.687157822783617561e-02 -6.174877258000753821e-01
4.296631146670824332e-03 1.121071926278033593e-01 -1.212912935754320836e-03 -1.904848108994221245e-02 -6.040812446076523345e-01
8.890034395464764885e-03 8.463178627703665802e-02 -1.642398635344878045e-03 -1.725483420920525309e-03 3.137678764959015987e-01
9.344706512411690702e-03 8.140028888726624778e-02 -1.589823595946310937e-03 -1.143302013628305289e-02 -2.549122940668456239e-01
6.899303050022275244e-03 8.611588848829231091e-02 -1.707807745142887268e-03 -4.400384710706202462e-03 4.056440025845598485e-01
1.150768388531122136e-02 9.951081124530514188e-02 -1.953164285203473974e-03 -1.673783367415555487e-02 1.088700698490679741e+00
1.477283600974506686e-02 1.181286879573309190e-01 -2.264022719332641712e-03 -4.915806463063934761e-02 -1.127936204965334754e+00
1.366182780571519560e-02 1.147422895488583172e-01 -3.201877413738081664e-03 -1.686848566989074261e-02 7.770150752077555900e-01
1.714098000457313364e-02 1.205991843053704632e-01 -3.542340938581027728e-03 -4.051855962033110159e-02 -1.103799647291419106e+00
3.156692802435914075e-02 9.998905152034144594e-02 -4.228699689754611760e-03 -9.447674901314815840e-03 2.698161004698799159e-01
3.685027458959214824e-02 1.184121816083450046e-01 -4.327540993797335603e-03 -1.879730542418800790e-02 1.111609616278784740e-01
2.566910945330683549e-02 1.353716195326043203e-01 -4.713949135751313232e-03 -2.339355022079477736e-02 3.546861677447077921e-01
8.788870377476561135e-03 1.385674641357008408e-01 -5.153444524613786520e-03 -3.531493538561052137e-02 -2.603357728194644616e-01
1.980678541091414335e-02 1.280047725796859825e-01 -5.909519700711242732e-03 -2.919442665560238737e-02 -1.332791233058105540e+00
1.264141015296926102e-02 1.093780808485328299e-01 -6.440067570854941283e-03 8.037793295137650104e-03 8.424865160813646003e-01
1.962107296786217564e-02 1.163817389560669047e-01 -6.210640125068629842e-03 -1.861833675884205438e-02 -5.366992640745175125e-01
2.223834104125381114e-02 1.050936915285732992e-01 -6.694713378232805025e-03 -4.848091581859177712e-03 4.766691665129955124e-01
2.074735255412097149e-02 1.050793629315497912e-01 -6.822594474785121342e-03 -2.078910485687131271e-02 -8.204249873737878840e-01
3.700064930306670719e-02 7.951733755607180709e-02 -7.113584617266537416e-03 1.227947976085206217e-03 2.600616788517189359e-01
2.453275953731598458e-02 7.754450909788371260e-02 -7.018037163521072958e-03 -8.658073060696193368e-03 7.121623071161180540e-01
3.534116678794164274e-02 9.140641605319267671e-02 -7.047739670721437505e-03 -3.161289969074134593e-02 -8.481010343723823786e-01
2.449673500280965394e-02 7.761086824479107582e-02 -7.782099914375473562e-03 -9.019245941603575012e-03 1.043013372039937048e+00
3.746634938923561892e-02 1.017814750805953045e-01 -7.930506634634317681e-03 -4.208236549827331502e-02 -1.636673566458287432e+00
2.773224680815068038e-02 8.104388234266152180e-02 -8.739604091840370154e-03 3.184870613999790483e-03 1.335723380336618638e+00
2.475631260733719696e-02 9.860960171460575463e-02 -8.676194674484610445e-03 -3.863342539478104021e-02 -1.307429188499783068e+00
1.777841105215154094e-02 7.167118211453148147e-02 -9.527960827893320120e-03 -3.227201155175680319e-03 8.529062260607853663e-01
4.144242419101720754e-02 8.869532309658771652e-02 -9.483475357239763703e-03 -3.127922853959763660e-02 -7.791752901688072663e-01
5.357630679944859475e-02 7.908274102725457166e-02 -1.001054970547737497e-02 -1.147454547942750383e-02 1.682560415401014864e-01
7.875788997947509584e-02 7.353752234364145657e-02 -1.015559663388668557e-02 -1.963809838297966154e-02 4.189126287533422310e-01
6.792892119694590725e-02 6.581125999026612994e-02 -1.056883070474958983e-02 -3.501528840520724828e-02 -1.916406092519183035e+00
7.024719771061686824e-02 1.380683181962410848e-02 -1.115030676743847607e-02 1.774045075631045312e-02 1.465972454776565570e+00
6.890685622015328693e-02 5.080966376859005068e-02 -1.076695337748873049e-02 -2.871803233896966581e-02 -9.008056441863123709e-01
8.601252235028930548e-02 1.084435930473925599e-02 -1.151165467531435962e-02 -5.623659677452189434e-03 -1.974487214543150237e-01
7.838370682740498918e-02 5.066838469398558809e-03 -1.156373081606841199e-02 -3.327016532262243743e-03 -4.100225473888612360e-01
8.561207294576389515e-02 -1.935223377844506876e-02 -1.163292286244455888e-02 5.049602924969431167e-03 -3.041648332169540891e-01
7.513362070381846003e-02 -3.489445977536646815e-02 -1.148593962031873097e-02 1.038802976694419740e-02 -3.999331600989243229e-01
7.321529429278919587e-02 -3.509814846890402240e-02 -1.119559174289818174e-02 1.850723120641684788e-02 9.232368443357135135e-01
9.127323475274183584e-02 -7.064573717349717161e-03 -1.092626934747284624e-02 -1.211052378052417632e-02 -1.080525686426738519e+00
1.027833824334024038e-01 -2.458849484472644398e-02 -1.128016866791737606e-02 1.600603170311372392e-02 -2.922806976078803354e-01
1.054849305643826285e-01 -3.952395845716650397e-02 -1.104232365025851169e-02 2.104073445763091424e-02 8.869726682120191441e-01
1.013784465144691449e-01 -3.262009697223600818e-02 -1.050742756298458230e-02 -8.451751777769661578e-03 -6.980608108616864760e-01
1.032446294759862548e-01 -5.867529049277409037e-02 -1.068319386359931587e-02 8.814260753613320162e-03 1.863605491854730123e-01
1.141435519894900968e-01 -4.211169171696805408e-02 -1.034225163062814541e-02 1.304807272922530446e-04 7.456284124424670257e-01
1.244409445810918530e-01 -2.422094027317850048e-02 -1.047605033285978378e-02 -2.488150356535028668e-02 -1.418291252195486463e+00
1.265681504738361829e-01 -3.857532000464923561e-02 -1.096485569310721650e-02 1.329182710925687176e-02 9.764544610538474778e-01
1.195073262666454944e-01 -1.605555215030289237e-02 -1.069886273668739160e-02 -1.879605652911000777e-02 -1.008822412783087819e+00
1.231040150147618695e-01 -3.012689258046879343e-02 -1.105903655494513971e-02 7.388787719937442086e-03 5.890443435552155105e-01
1.226952879266854646e-01 -8.768733155524904496e-03 -1.108806493072723998e-02 -1.335885016380635587e-02 -2.667422459065670326e-01
1.254269636388161968e-01 -1.784078873430429771e-02 -1.136026899949571338e-02 -9.049727181567672821e-03 -1.033227902812698717e+00
1.271256428604769506e-01 -3.661516035460497809e-02 -1.152915013270688904e-02 1.763195224008001771e-02 4.650103212236187389e-01
1.203336889201160886e-01 -1.365228206538185093e-02 -1.116490237355304525e-02 3.027680833884120325e-04 -1.422882002062185181e-01
1.364544740723645788e-01 -2.298283030953457776e-02 -1.125120357686864615e-02 9.569929485765697654e-04 -6.092942447064074729e-01
1.275407970945428016e-01 -2.311887847010835745e-02 -1.132150099638993233e-02 1.531852844045596997e-02 1.144937046949381365e+00
1.287291780182631407e-01 -5.923127172628377991e-03 -1.100964192066165165e-02 -2.181357569844123365e-02 -1.771897001752436696e+00
1.196924707677617244e-01 -5.296085553218025932e-02 -1.148591973693767129e-02 2.656066442360890609e-02 1.321548002315726889e+00
1.195930048867371170e-01 -3.891431673306261496e-02 -1.111465716216101553e-02 -1.579653353652251888e-02 -6.016550182459721174e-01
1.159370389319749201e-01 -5.048489882787756539e-02 -1.136889554965897671e-02 -1.754670219740297630e-03 -4.777403826261524822e-01
1.034475290609019743e-01 -5.908128232088142445e-02 -1.134228970433499503e-02 8.707591866793911589e-03 -6.225485560085274317e-01
1.163697160608214709e-01 -5.843254625996361501e-02 -1.101947666046605712e-02 2.339605133004070067e-02 7.987016044616234156e-01
1.134754286296787151e-01 -4.586928381866621496e-02 -1.061336995236358306e-02 -3.522177246401062348e-03 -1.178216941820817709e+00
1.160481092786255081e-01 -7.153404384845450659e-02 -1.080398162364925099e-02 2.761085837403097487e-02 1.340413472378773951e+00
1.132778938628459658e-01 -3.608920277630120466e-02 -1.011742878211112362e-02 -1.503800272637071701e-02 -1.835296799311620708e+00
1.161968491290286676e-01 -7.288566277980973451e-02 -1.049597966277168552e-02 3.540584584019523806e-02 1.750140524067282266e+00
1.114137379849181458e-01 -4.165822688939643803e-02 -9.807621404348321192e-03 -1.910929867594729492e-02 -9.739874662587414411e-01
1.165529446277207837e-01 -5.882156759420624492e-02 -1.014573811371386435e-02 6.167707852494222487e-03 1.346546790921621106e-02
1.102576513702629990e-01 -4.831877680374394024e-02 -9.957917185625258377e-03 2.500791975203935438e-03 2.190725521136540344e-01
1.131158313592256076e-01 -3.314968035731886281e-02 -9.898096600291254529e-03 -7.160764968183912400e-03 -2.418241323698469558e-01
1.117357200646065390e-01 -3.316559234892510477e-02 -1.021223395451094015e-02 -3.191011134548437603e-03 -2.657111435474222572e-01
1.004007008478937507e-01 -3.627945849001598666e-02 -1.036294169334320107e-02 1.315720301567290060e-03 -6.454571163830413738e-01
9.870858262925694127e-02 -3.821780402172797464e-02 -1.044409437332276779e-02 1.702262137301709458e-02 5.173525583068616651e-01
1.078404912479027367e-01 -2.758383223705866694e-02 -1.011862953888259184e-02 -1.464486347650771538e-03 -6.405287354800184296e-01
1.185332006600555571e-01 -4.534221938094411958e-02 -9.823395647170310788e-03 1.405900231641741063e-02 6.724837521196200818e-01
1.172634942869451302e-01 -3.006857528865520754e-02 -9.497597221471764523e-03 -8.636799830834283875e-03 -1.786169408782084966e+00
1.243709038029311154e-01 -7.957816278084552108e-02 -9.669852529101120170e-03 4.066552938096305858e-02 1.529583347903608059e+00
1.348171039949353500e-01 -3.588633448804151582e-02 -8.828310220516817283e-03 -7.131795969872646405e-03 -1.128510202673556284e+00
1.476717386295602619e-01 -5.219697030656186842e-02 -8.906487602813872861e-03 2.323608498220753119e-02 1.397165658102368146e+00
1.526984246068872619e-01 -5.307264003108552036e-02 -8.422444183602105158e-03 -2.047001269379385840e-02 -9.823505301570055748e-01
1.466137502877392085e-01 -7.440424627139853586e-02 -8.660045024991363041e-03 5.446708023391695457e-03 -7.157328616743849903e-01
1.450463738424996318e-01 -1.022205541626865916e-01 -8.413089338655933488e-03 2.366840098873342763e-02 3.632519160822459958e-01
1.447761012020693516e-01 -9.370771487568875513e-02 -7.929616411385386268e-03 1.041031691430259476e-02 -2.045658996007877484e-01
1.375266839262715424e-01 -9.542798617369058212e-02 -7.621375881511366183e-03 1.389993590104900666e-02 -1.447137483103576872e-01
1.237106501881773402e-01 -9.285102912099062189e-02 -7.368301985068038268e-03 1.587564064815967166e-02 -3.378594280076798184e-01
1.010991502216976590e-01 -9.381691627225043073e-02 -7.116464091605080589e-03 2.355533677070058285e-02 1.682949690307689927e+00
9.433434559847828083e-02 -5.579637611593250834e-02 -6.512715544557079635e-03 -2.777090551896261791e-02 -1.601421958259285905e+00
9.163701854275869974e-02 -9.273535889167046353e-02 -6.955942672000266745e-03 1.700887342653384718e-02 5.138589937066204705e-01
8.903260678258730076e-02 -8.615039780765287869e-02 -6.794393624950417071e-03 -4.203307307788288981e-04 -1.292432994456031992e+00
9.076700984196450772e-02 -1.196365525000147451e-01 -6.686052062497591791e-03 3.525595896814607416e-02 3.665123634687467713e-01
8.352164155467878270e-02 -1.070754768189537687e-01 -5.933445482928558987e-03 2.226525901885267195e-02 1.213222225885559613e+00
9.749719948877004494e-02 -1.002374956836141751e-01 -5.532637774923168140e-03 -1.510300730145976329e-02 -1.737554408984195442e+00
8.506649578840771997e-02 -1.420400099429833807e-01 -5.711228599356178888e-03 3.406982119507448448e-02 6.394849683661844031e-01
8.727177084644451022e-02 -1.313243961366396817e-01 -5.149804636049474388e-03 1.357821191465379863e-02 5.407695278941387906e-02
8.804268507937192123e-02 -1.396126525447453359e-01 -4.824023455145652270e-03 1.035680165692014383e-02 -7.953970871026022627e-01
9.682312045914283349e-02 -1.376585371213647213e-01 -4.741842072778799932e-03 3.213535259914504505e-02 4.977837005353663025e-01
6.716828476607492049e-02 -1.288295925590200453e-01 -4.085206902981650470e-03 1.600264533487861032e-02 -1.752724296023315809e-01
7.880915153501683035e-02 -1.318485985489727952e-01 -3.753172665536680819e-03 1.988854062658618194e-02 -4.993118506162217418e-01
7.500650920316283277e-02 -1.441664249564863776e-01 -3.455376763425394536e-03 3.331054193620775622e-02 1.626901369889283133e-01
5.321470261166671295e-02 -1.406306881429603972e-01 -2.710093264516691761e-03 2.747529202894595859e-02 1.934914678796609278e-01
4.815260323730451153e-02 -1.341275754588549252e-01 -2.301928998195554819e-03 2.092679410037007887e-02 7.103692412229498099e-02
5.511409110354551638e-02 -1.202385694762357349e-01 -1.820092132267498537e-03 1.822013446642360701e-02 1.471222336026672683e-01
8.124397536584247737e-02 -1.226039661549772203e-01 -1.517396575534932495e-03 1.345525591582787985e-02 1.337126007930117821e-01
8.967159245831475556e-02 -1.248758891605370458e-01 -1.221915936364351358e-03 9.055253760802638857e-03 -7.389599709217797852e-01
9.843420099802231704e-02 -1.308515021039718396e-01 -1.171500783406584194e-03 3.029884602327451160e-02 1.229730614775183639e+00
7.340072111928366838e-02 -1.143304500804447899e-01 -7.401210940113431410e-04 -6.076310652038537444e-03 -1.266780549524433752e+00
6.528280207365536048e-02 -1.418364388883154581e-01 -7.662601869529216212e-04 3.072205809372767840e-02 9.678417490219625163e-01
5.550951524703998108e-02 -1.088305268086020017e-01 -3.268707490059650448e-04 2.110849917648690687e-03 -8.082243320438387002e-02
6.445578316097733129e-02 -1.001986478235364908e-01 -2.915780346429961735e-04 4.239212909063140751e-03 -3.348821637544237007e-01
7.118580215378964016e-02 -1.055916534666284795e-01 -3.147176640332833859e-04 1.388242172078017062e-02 4.644305011903610003e-02
7.398104253296695909e-02 -1.149668119304962793e-01 2.272475370237931388e-04 1.248356615414202356e-02 -8.312304773731693519e-01
6.468938405951510373e-02 -1.414586724456045608e-01 3.967949735814720155e-04 3.679838674138503907e-02 6.130579775847777579e-01
4.776989018055839697e-02 -1.277022387425887362e-01 1.066323355717141387e-03 1.885524639107312092e-02 1.587484137574308729e-01
4.320949383643748337e-02 -1.216427412071671293e-01 1.516107201998805097e-03 1.430136657103734006e-02 -1.204639704656852439e+00
3.470989760974731164e-02 -1.392294197476439954e-01 1.696645866595687235e-03 5.015002288053395374e-02 1.647468243809344202e+00
1.073853860558413031e-02 -1.088929598275853727e-01 2.702522962569991333e-03 2.476106054889543051e-03 -1.175662523444497731e+00
2.422534639689491454e-02 -1.196941371447471925e-01 2.795033641497615597e-03 3.747514138484886459e-02 1.407078642252446166e+00
3.007568667012687491e-02 -9.694715340235460221e-02 3.509806454507850490e-03 -2.926831874897149917e-03 -8.061625846381075267e-01
4.189197530058325070e-02 -1.136204581109910433e-01 3.611962151938330652e-03 2.181426627085375491e-02 7.841057138439860852e-01
6.072030423617830186e-02 -1.068647997638605129e-01 3.993049216375163697e-03 -2.310423243934662393e-05 -1.068647934553113688e+00
5.914659747172394677e-02 -1.242560250744530331e-01 3.942015060146768744e-03 3.246676588527865059e-02 -2.043929278214173806e-03
4.792126614637221005e-02 -1.104833549787791469e-01 4.469283976503129335e-03 3.364771663957249331e-02 2.387148471138444972e-01
4.061424760681156543e-02 -8.981462981769226805e-02 4.952994387886158582e-03 2.824803981937971942e-02 1.566846899096422607e+00
3.193227786449409633e-02 -6.185070196054382602e-02 5.463455859118831505e-03 -1.590730830781288477e-02 -1.461482141417837832e+00
3.332540429613489036e-02 -9.512540439107532164e-02 5.292162969809045998e-03 2.875031532384777003e-02 1.161118058506349193e+00
2.365515283827732823e-02 -8.648640697910810193e-02 5.760844527355951650e-03 -3.492155581997986522e-03 -1.008420359599064842e+00
2.284954076187439495e-02 -1.032702304576927771e-01 5.773423620873713302e-03 2.774447756153545358e-02 9.297738813678715353e-01
1.214894510035621246e-02 -9.768598195290215114e-02 6.198265313944991209e-03 2.522087119906567428e-03 -8.061935091079628357e-01
-6.883981254150073337e-03 -1.082483892097953482e-01 6.231567082151322559e-03 2.796851047068391050e-02 2.421551094298344253e-01
-1.740902494860455466e-02 -1.074160255923802681e-01 6.914540631183761776e-03 2.289809803140879091e-02 2.641430047142487303e-01
-2.926307986947349754e-02 -1.121161776979893859e-01 7.374518389344267809e-03 1.748831750335249138e-02 -8.252287603859347342e-01
-3.444021344761172970e-02 -1.314302151864151502e-01 7.710372428353207998e-03 4.399144393408403741e-02 1.249384226661454989e+00
-2.610856426706932576e-02 -1.119135805521421223e-01 8.646433806513410120e-03 1.001659213795904821e-02 -2.417372560994980324e-01
-1.897123879264974930e-02 -1.026336456314505680e-01 8.773984615988541721e-03 1.974010331542374458e-02 -3.584688527660928048e-01
-1.145851867040441861e-02 -1.278432925988102487e-01 9.014375472661293603e-03 3.318938701053639889e-02 1.833175217422833292e-02
-1.502625558036206101e-02 -1.151115577991030786e-01 9.596433186678590688e-03 3.561414818012453853e-02 8.641903003064751454e-01
-2.917565696129587050e-02 -1.157525836469089492e-01 1.023404515367157611e-02 1.362093620182680716e-02 -4.823495763131085967e-01
-4.714481425734964870e-02 -1.113722720733595073e-01 1.049370041817830786e-02 3.102646540109475423e-02 8.819918430236586282e-01
-4.250458360400861252e-02 -9.305668314506476690e-02 1.115634796877657854e-02 8.591374627435794872e-03 -7.783392124207302309e-01
-3.423061454952287114e-02 -1.116772172215996090e-01 1.130172383227435497e-02 3.497069612847427539e-02 1.140647897084569484e+00
-4.377691125292145630e-02 -1.014899107355119873e-01 1.196751628818241639e-02 5.073744295532753475e-03 -1.096321309615015505e+00
-2.076005755661054081e-02 -1.140817205242748711e-01 1.219769234851847406e-02 4.099738064268091536e-02 9.945388916972814908e-01
-1.988258186125146237e-02 -7.863180062940144932e-02 1.306982898772337219e-02 1.582263097027606161e-02 8.677488134237782980e-01
-2.614901591867918595e-02 -6.128309984112824405e-02 1.340624449151778079e-02 -5.356975473520706084e-03 -1.147820260170824502e+00
-4.347207102957167252e-02 -9.343248716121826947e-02 1.335267579643078378e-02 3.248388022541279230e-02 1.722480681079881837e+00
-4.655982182733446606e-02 -7.582986825515383722e-02 1.422508194078361647e-02 -1.375402972136272051e-02 -1.855097495129169882e+00
-5.335526579712020906e-02 -1.126508316585638492e-01 1.370021544286690110e-02 4.489486507253437342e-02 3.318943848962772947e+00
-6.842445848088088423e-02 -5.799219945871087606e-02 1.467880448473306634e-02 -4.789832073724249739e-02 -2.662390629171740297e+00
-5.211904602084775628e-02 -1.161817038571764660e-01 1.366150109007427046e-02 3.463384583580478987e-02 1.139570912031866001e+00
-4.499633926130703482e-02 -1.017853443724031776e-01 1.431019876464784298e-02 5.641360765842290403e-03 -5.384758129022948481e-01
-4.455199212653360163e-02 -1.339588951848728893e-01 1.439876490616460829e-02 2.601837603772343133e-02 3.369656478696516633e-01
-5.678858816188148140e-02 -1.350540131860909487e-01 1.494952656708866540e-02 2.077634967553429121e-02 1.490322742558725100e-01
-5.808097722791005779e-02 -1.341547759878023716e-01 1.549567248296597304e-02 2.110858369051329606e-02 2.128096937163501123e-02
-6.164733644498249232e-02 -1.477440036108996491e-01 1.595268177398268331e-02 2.555358279264799068e-02 -4.716016181468116741e-01
-6.963617419860360092e-02 -1.719942385883198865e-01 1.658658491231762219e-02 4.433054721766662570e-02 7.405202147681161362e-01
-7.238631102110738846e-02 -1.538185891277250306e-01 1.734789804802591706e-02 2.780083085890421024e-02 -3.502974741891990984e-01
-8.207063311704616837e-02 -1.520030642411729360e-01 1.792207268204807150e-02 4.358297199602677308e-02 2.514687111838987965e-01
-7.792750334281448032e-02 -1.575460127610986139e-01 1.894046154288018396e-02 4.190374087815669502e-02 5.578411047645210896e-01
-8.585045397338812723e-02 -1.292497425530303445e-01 1.994701429530475537e-02 3.168207377389380824e-02 8.384502933091986243e-01
-9.444764495937457704e-02 -1.359294836474121415e-01 2.037082107845991294e-02 1.350110286703022112e-02 1.288176388698109021e-01
-9.956608687215230680e-02 -1.382572949083384073e-01 2.060259153431453355e-02 1.632623459771390118e-02 -3.485149712219999252e-01
-1.283826910904095342e-01 -1.420765309629582474e-01 2.080241723047568381e-02 3.306783712284438320e-02 3.744480818937028221e-01
-1.166982214306252208e-01 -1.358075868986694801e-01 2.141960834654456705e-02 2.875053589359138559e-02 1.165662821857452958e+00
-1.438141568957127803e-01 -1.056990427538492539e-01 2.194658349178532294e-02 1.122343900469581967e-03 -2.581686317878172376e-01
-1.518111508446222391e-01 -1.329736832057904217e-01 2.193217874938028708e-02 1.590774343452211470e-02 -4.078427918953323461e-01
-1.500831801907802077e-01 -1.357905322901561684e-01 2.213794993610579409e-02 3.472003928951392787e-02 5.191869313173637090e-01
-1.402652193234800171e-01 -1.231249364740397700e-01 2.278316459793314555e-02 2.648316827441151919e-02 2.850224871998103815e-01
-1.285857256883390365e-01 -1.340997826488144751e-01 2.328296249035715151e-02 2.525019225375095891e-02 1.039747193537559511e+00
-1.389099287075832301e-01 -1.139521864103111154e-01 2.384615541731927371e-02 2.351696836383483646e-03 -6.759240674420061712e-01
-1.439628915695405909e-01 -1.119339546230064819e-01 2.398850194063669589e-02 2.967716226333419471e-02 2.428910041655301111e-01
-1.391578095316441110e-01 -1.061711951197147064e-01 2.456418774697663107e-02 3.022197906929584635e-02 7.921361607979411357e-01
-1.426756570975095950e-01 -8.953400167441760704e-02 2.524427748445109629e-02 1.496549666212603803e-02 -7.008702319595436769e-01
-1.399418327202070766e-01 -1.055144791323439635e-01 2.552834230601944143e-02 4.328602025417641747e-02 6.746226786716300605e-01
-1.562273731295172607e-01 -9.813831997058058976e-02 2.626412934502821844e-02 3.151283193920174225e-02 8.904875067762227925e-01
-1.634654386397053072e-01 -7.756060224411114035e-02 2.701875354997723341e-02 1.360992770721633320e-02 9.360923018006940266e-01
-1.809389558740308601e-01 -6.922726587880269344e-02 2.721917617493263900e-02 -5.328627587083493641e-03 -9.306290672339505576e-01
-1.854080121761815247e-01 -6.943931257031973892e-02 2.734446192563369515e-02 3.053289910205618171e-02 1.386167322411479663e+00
-1.829965600669118952e-01 -3.922881322364468737e-02 2.808230913557519318e-02 -1.271865813879964786e-03 -1.079925863680690323e+00
-1.729468720213635513e-01 -6.187478350774749253e-02 2.804425439267483472e-02 3.919162195260455367e-02 1.424334582921209735e+00
-1.785641552978476099e-01 -3.358666473858751278e-02 2.892318373680109744e-02 6.317486860606917956e-03 2.750350619141499475e-01
-1.717826863321619824e-01 -2.445321421998281411e-02 2.913515663077036189e-02 7.324440497235501675e-03 5.831746402473705904e-02
-1.802389884135468523e-01 -1.352920976843806355e-02 2.929530414452278728e-02 1.492597572415992405e-02 1.321027488063477140e+00
-1.710658636103297436e-01 1.485797885361756984e-02 2.963484170566969486e-02 -1.439523831672916837e-02 -2.044245324714577539e-02
-1.833702565131345164e-01 2.264945040965598774e-02 2.949418963844441938e-02 -4.244404949182807238e-03 -8.217830342552259748e-02
-2.045719457644601114e-01 2.759311366159914944e-02 2.951109223980580287e-02 7.354551214246762662e-03 1.560491351869744414e-01
-1.944123309155650625e-01 3.133325221776439573e-02 2.954029201597033194e-02 1.204289443071587633e-02 1.457342110691915993e+00
-1.867126690279756196e-01 6.702905270573675245e-02 2.982564902311928695e-02 -2.120201742591744376e-02 1.515371390314333988e-01
-2.095330669559878900e-01 7.096713948384118786e-02 2.937132345587380872e-02 -1.601796919504418562e-02 1.438116469361652161e-01
-2.086269932319637643e-01 7.534308042151970086e-02 2.929332758158079489e-02 -1.094280749095764317e-02 3.983060919796926336e-01
-2.031931847085117204e-01 9.473133325133245575e-02 2.914178949637661470e-02 -1.336554285700789109e-02 3.510350469864766815e-02
-2.136348914203261562e-01 9.820202062645422281e-02 2.886933428601054855e-02 -5.072012014286750477e-03 1.098127257563745962e+00
-2.004861856831758327e-01 1.078700793106260464e-01 2.894520634772959969e-02 -2.819593925646656993e-02 -4.174208555626401362e-01
-2.014114663142649864e-01 1.028035487981791701e-01 2.835840328896678531e-02 -6.987019071023825405e-03 8.180739960103009523e-01
-1.953521391131788909e-01 1.129767078747758446e-01 2.831896921025685993e-02 -2.191715605922529841e-02 -5.694261479406348414e-01
-1.850768526920147095e-01 1.023470634219284803e-01 2.787870740297468397e-02 3.670666505721054823e-03 3.713244217330948782e-01
-1.898341139648481168e-01 1.057216289789263269e-01 2.799076284815701227e-02 1.673450335837443513e-03 1.488488161439233126e+00
-1.778356027080884305e-01 1.460165592116847155e-01 2.805861859403694508e-02 -3.312058296949968450e-02 -8.780482082319279735e-02
-1.770992179529376764e-01 1.380012402165374796e-01 2.727237401803475278e-02 -2.165518715991463644e-02 -9.849709922316853827e-01
-1.640463780614769274e-01 1.123524030636124937e-01 2.655335600188562378e-02 1.579578940759365085e-02 1.380222326566421076e+00
-1.627580714569638876e-01 1.306016801291779161e-01 2.696409106056791433e-02 -1.618495638794470448e-02 4.030464299077332613e-01
-1.574532167224260704e-01 1.443685051263959573e-01 2.671501015706346030e-02 -1.928832052573404426e-02 -1.016859975592694365e-01
-1.531888333169313388e-01 1.325822560390378657e-01 2.631321833687634212e-02 -7.947699500333053543e-03 4.685953694973043482e-01
-1.182988890466248472e-01 1.386222480391911538e-01 2.615076646005299460e-02 -1.325010524500537176e-02 7.603433713135561156e-01
-1.054910827543626695e-01 1.531144648189755320e-01 2.599304085434999897e-02 -2.740510409355721363e-02 -6.256253606750711294e-01
-9.470243398576566607e-02 1.188692857348992715e-01 2.537685007219646349e-02 -9.385767713712513723e-04 1.420425407186264755e+00
-1.014369633071098287e-01 1.387846019638462047e-01 2.535591981483778512e-02 -3.451181986047164446e-02 -6.756296504734415898e-01
-1.001980491383337030e-01 1.288874913616998852e-01 2.464717777020689407e-02 -6.840147353978276792e-03 1.148791907045259686e+00
-1.208834247536320211e-01 1.458197267874715153e-01 2.439983585229137802e-02 -3.266954215378430060e-02 8.224419487658285455e-01
-1.114053945207185009e-01 1.691166562817828511e-01 2.385670862170201009e-02 -4.900682840056815731e-02 -1.194230536715654711e+00
-1.081496632617513082e-01 1.579511994423518639e-01 2.261613409026586030e-02 -6.567818450206054301e-03 1.096069507856460401e+00
-1.083763136055038989e-01 1.747066869948324941e-01 2.254808353633341519e-02 -3.150814700515222611e-02 -8.169467159781665377e-02
-1.133370483132508932e-01 1.731700572740026978e-01 2.205496339870508318e-02 -2.199297400520576484e-02 4.770826942018163708e-02
-1.185975119426669055e-01 1.567171306560500299e-01 2.158006884736357947e-02 -1.646939695403896314e-02 9.966281104684687753e-01
-1.178062502800209244e-01 1.883950652512069446e-01 2.139342452106816547e-02 -3.886568249091598704e-02 -8.968339391784779790e-01
-1.274113164810538879e-01 1.847811671510063980e-01 2.052217479366568592e-02 -5.688526557660420618e-03 1.277183519016261037e+00
-1.194644267667176601e-01 2.023221418482292200e-01 2.046533648563111235e-02 -3.654605315209655259e-02 -1.403863016514869388e-01
-1.134583213352023112e-01 2.026084120723284643e-01 1.974763988981308171e-02 -2.582980940947416162e-02 9.889102606740363122e-02
-1.117330439933511832e-01 2.090460982757330055e-01 1.921447870682577858e-02 -2.249558324206377483e-02 -2.248178738465220761e-01
-1.096743450915359519e-01 2.013800962264245820e-01 1.878018945876360618e-02 -9.995067481003136467e-03 1.140585435487101895e+00
-1.050491402591136048e-01 2.218852272603949183e-01 1.871238689985055617e-02 -3.761621752844825084e-02 5.901986485269999916e-01
-1.073045362910664824e-01 2.342232276363092891e-01 1.792914331086829446e-02 -4.915652420295408415e-02 -9.327566743848162423e-01
-9.663251479753899587e-02 2.131192540144376535e-01 1.696542544240356443e-02 -1.612315320671764765e-02 1.454613153383168322e+00
-8.255275857751664947e-02 2.387587318093112310e-01 1.667486407533490950e-02 -5.337449002559994243e-02 -8.234604610463918117e-01
-9.885861243948548815e-02 2.299500371737498161e-01 1.567120885659245566e-02 -2.411461408036474560e-02 4.636564388057530239e-01
-9.995077480371636347e-02 2.411990431495040776e-01 1.528411430434966321e-02 -3.264206187307670121e-02 7.611267634210943100e-01
-9.654351845690933853e-02 2.688141809932881876e-01 1.477043933603487680e-02 -5.009102229918484944e-02 -6.753257230278271184e-01
-9.611387586775975433e-02 2.544060057902191585e-01 1.381614130174530636e-02 -2.554008948831079651e-02 1.022204056667835648e+00
-7.902174688639562739e-02 2.651704705744712953e-01 1.336649556291216387e-02 -5.114621591912886511e-02 -3.986541612167128767e-01
-5.485533466075012687e-02 2.689693371647055575e-01 1.231308407910656176e-02 -3.512771259386198580e-02 3.042551505985525706e-01
-4.013367076809695733e-02 2.814669997066223672e-01 1.148936976581697508e-02 -4.010293839205907040e-02 -1.396820592733277744e-01
-1.347356299821913725e-02 2.896656872608434630e-01 1.055933591658509731e-02 -3.243044977439432652e-02 2.511165246650508109e+00
-4.900938128279654776e-03 3.309776426160794816e-01 9.900243818453948255e-03 -1.026129055311962718e-01 -2.793443418677099555e+00
2.210075517632243552e-02 2.786512047051024066e-01 7.870160770891514862e-03 -1.756363978379748766e-02 2.155292514439222096e+00
3.489114342788724593e-02 3.057746822435335465e-01 7.521526228624074266e-03 -7.819826508412004717e-02 -1.441407923437699523e+00
5.656463850855997927e-02 2.801444225549824529e-01 5.800218327137228111e-03 -3.365834706026718526e-02 5.672666817178408927e-01
6.138477629737336405e-02 2.939745898295431092e-01 5.095583865065272770e-03 -4.844544562758101858e-02 3.557336610074297578e-01
5.865798677461671329e-02 3.032558586009101442e-01 4.010164607430751621e-03 -5.728300891949899415e-02 -1.295803921030311168e+00
7.364090127347040771e-02 2.782159547602837124e-01 2.876683187299821590e-03 -1.806305944353508997e-02 1.751125032337459198e+00
7.495555860447471186e-02 3.068379521050014214e-01 2.515157287673185690e-03 -6.835133306411302068e-02 -1.249556950886610451e+00
7.719804661170864835e-02 2.757147030702359891e-01 1.147583469196425832e-03 -3.106975781897962710e-02 6.893376447548480446e-01
1.008638597645015317e-01 2.989617267017233293e-01 3.657503843123195166e-04 -5.098159323198914877e-02 2.968712286717043458e-01
1.194780068467417994e-01 2.912517983810163913e-01 -5.001660610602458572e-04 -5.951265808551457759e-02 -6.854850369908783714e-01
1.307436044585028601e-01 2.710836748511154526e-01 -1.537034275865891168e-03 -3.950639137760608710e-02 6.385862407567093335e-01
1.389771999909998890e-01 2.720678701154574664e-01 -2.359395660114324122e-03 -5.867335423792639781e-02 -1.904433529328962149e-01
1.438585787889633816e-01 2.505018141416696653e-01 -3.511225207342411666e-03 -5.376569159605495973e-02 4.510491383328956161e-01
1.530211387631536524e-01 2.418734029365736948e-01 -4.418365288095907860e-03 -6.818263782319908262e-02 -7.077270396195980418e-01
1.570730592225616784e-01 2.407272195354923372e-01 -5.918136726068392098e-03 -4.877393500106102370e-02 -8.527271801671184592e-01
1.526596119239011784e-01 2.276113517653714502e-01 -6.881390680489408128e-03 -2.576897833573850785e-02 1.215474707853306802e+00
1.382143336274536671e-01 2.399656226159280203e-01 -7.660334744455113420e-03 -6.367797651283360616e-02 -7.040436371535333526e-01
1.291604206182074555e-01 2.226167834247120003e-01 -8.842282560476647651e-03 -4.543847969770063028e-02 -2.520102214933512830e-01
1.282088768125199951e-01 2.282337286210514571e-01 -9.748150158324029799e-03 -4.072795174194372009e-02 -4.335179454916981978e-01
1.394515822458017029e-01 2.002618495631008910e-01 -1.057835454243586694e-02 -3.104875154759223141e-02 1.476475170193189967e-01
1.393795556898416999e-01 2.156820544489291835e-01 -1.116492859639576368e-02 -3.869338877516296377e-02 4.723383137604833526e-01
1.555635590582584438e-01 2.377542690926179592e-01 -1.203045649532730015e-02 -5.616792904957636223e-02 -8.396145642655490349e-01
1.757852405035563170e-01 2.082088406791904600e-01 -1.304153290554563825e-02 -3.537324131254556553e-02 7.804627194063633588e-01
1.698273933336946206e-01 2.197404038155982564e-01 -1.380752511124937708e-02 -6.243695815102454777e-02 -1.706933353090234640e+00
1.604270511537085886e-01 1.811206678043562612e-01 -1.521497424072814839e-02 -1.685937636229664291e-02 1.104930897709520243e+00
1.574905246675645243e-01 2.143792300295372655e-01 -1.565628632447962909e-02 -5.416602400630671915e-02 -5.644917965924807213e-01
1.633752496596286019e-01 2.186359549267182234e-01 -1.668028851278172825e-02 -4.242414086936491940e-02 -4.807021072339505152e-01
1.786785892448173596e-01 1.882582291062271374e-01 -1.729052518887746678e-02 -3.369833119925996767e-02 5.332954030088468134e-01
1.815080419241652809e-01 1.962635999761017103e-01 -1.788070693391622876e-02 -5.479413575653248325e-02 -6.206332899289869198e-01
1.843739729838866914e-01 1.977541665953781169e-01 -1.909058499395361805e-02 -4.225357480224614659e-02 -3.526061270848868112e-02
1.876698441998046196e-01 1.965991359210741696e-01 -1.989328609828631966e-02 -4.733153395839782840e-02 -7.586193610809859322e-01
1.929537724588069880e-01 1.706137752404926489e-01 -2.091623939477952471e-02 -3.124665141012986785e-02 -2.521185681347168916e-01
1.991141581593594556e-01 1.668392114065685716e-01 -2.133963836634810915e-02 -3.050169457276472040e-02 -1.455512442372335347e-01
2.004327966208167278e-01 1.357226854260140392e-01 -2.190998066706046840e-02 -3.292310940774441363e-02 7.881706850562011368e-01
1.965504403459892580e-01 1.665318451299947766e-01 -2.259372964067665399e-02 -6.289001203073688040e-02 -1.523734437227939775e+00
2.053000231790189645e-01 1.123949975625243292e-01 -2.391096759439010136e-02 -2.517514285661712897e-02 -3.095355336275759650e-01
2.043840201137126500e-01 1.115359408479535963e-01 -2.449100607670647370e-02 -2.367280797747582655e-02 2.394784720546176970e-01
2.041091953577728602e-01 1.257638832360721826e-01 -2.496195492760626758e-02 -3.837430531438171255e-02 -5.238675424524966706e-01
2.236854295013603333e-01 8.755789321190265984e-02 -2.574043836145301772e-02 -3.097822281959299734e-02 -8.239414366904471709e-01
2.176837892455556478e-01 6.960476854525621260e-02 -2.632342970783671521e-02 -1.506362281000173803e-02 -3.084987760165884829e-01
2.034389343743896461e-01 4.618843060277560281e-02 -2.663963060143908351e-02 -1.447265613664177296e-02 4.067189722930634188e-01
1.934275380833261893e-01 4.780375495679900499e-02 -2.686158169726598696e-02 -3.479071349268835628e-02 -1.530810281429892505e+00
2.032029299798477628e-01 2.277168886889886085e-02 -2.769951485264657981e-02 1.369686760199389283e-03 -1.557113426376033338e-02
2.225683315620179403e-01 2.473133252306886423e-02 -2.772402694925646394e-02 -6.933431693355390779e-03 6.713691076904383659e-02
2.346945271317344150e-01 3.784585967109155985e-02 -2.801256013630142386e-02 -1.783690421489775996e-02 -3.068736509628747777e-01
2.294847715778831065e-01 3.693655985970650812e-02 -2.843148230794919143e-02 -1.778708245630079149e-02 -1.314780361063728198e-01
2.494990760815076203e-01 3.771650881461147131e-02 -2.872251249387683045e-02 -2.300546383237167536e-02 -9.478394434307226835e-01
2.430315844226296484e-01 2.290510406057413503e-02 -2.913733677166794808e-02 -4.276968469922703096e-03 1.546216174270640120e-01
2.402374698381161688e-01 2.065766690413798484e-02 -2.918091305819126707e-02 -1.820981362451871977e-02 -9.808008326890951256e-01
2.298570552707912551e-01 9.395922307386555573e-04 -2.962158058558814547e-02 1.352713121378932909e-03 5.019797804029196842e-02
2.128711562052619244e-01 1.257296775900327949e-02 -2.965827916724476238e-02 -9.643939351143594046e-03 -5.679233852970878571e-01
2.100051977987294760e-01 8.921668333992448935e-03 -2.982852206349120155e-02 -2.245689725087261866e-03 -5.987926864670279903e-01
2.147932139168683974e-01 -2.169486668047932061e-03 -2.991204404801821315e-02 5.962257062177405038e-03 7.985393344147126982e-01
2.220670119361360939e-01 1.903822895297454729e-02 -2.969279758929612226e-02 -2.689843946601123623e-02 -1.254302352867039172e+00
2.224489805936878395e-01 7.301298878467175207e-03 -3.035085651951982891e-02 4.120123613358768130e-04 -3.341918843720798060e-01
2.213389348057193950e-01 -2.068308968069720172e-02 -3.040570457877107141e-02 5.768595819983774299e-04 -2.126869388045383447e-01
2.276313172748653246e-01 -1.351476592550152588e-02 -3.049926305553216782e-02 -3.084736992710925430e-03 -1.712389016534864861e-01
2.105222956123799782e-01 -4.010254499818902141e-02 -3.047799068511610615e-02 -7.795034776082320968e-03 2.542877834348666877e-01
2.018318973749714806e-01 -3.712647265061000401e-02 -3.054043227507166960e-02 -2.486654338372380757e-02 -1.472446563944721287e+00
2.183021841972032362e-01 -7.183696379631682172e-02 -3.099500963064228537e-02 8.562585728785656117e-03 -4.928161819775512820e-01
2.070868770273957826e-01 -7.321824556709281839e-02 -3.087959913884054733e-02 1.301465032503675012e-02 4.455161769094536650e-01
1.926364686257386327e-01 -7.775553768051697567e-02 -3.076874586161431127e-02 -9.704457505067657502e-03 -1.996367245821203396e-01
1.980348882760573637e-01 -9.793659467216643544e-02 -3.092225796287858750e-02 -1.380626725974517729e-02 -2.113758760046016594e+00
1.963730130098471638e-01 -1.458484074539664332e-01 -3.125431751258526264e-02 3.820183323721124125e-02 1.011728089156916033e+00
2.055824036957129841e-01 -1.119747661187284610e-01 -3.037490379101912691e-02 -1.258594757050985301e-03 -6.767488761132622876e-02
2.122136870990909141e-01 -1.157826557133464912e-01 -3.043139681775273650e-02 -8.745232803178192710e-03 -2.111038713957541724e+00
2.123713555362392869e-01 -1.468603202905101046e-01 -3.074498237819295668e-02 4.349864821035058504e-02 9.026704411009182083e-01
2.113690784264874167e-01 -1.031415605453891438e-01 -2.979523216188649515e-02 7.423142800395548212e-03 1.143294297386736602e-01
2.063259224629769295e-01 -9.276421460145224673e-02 -2.978506361789470466e-02 -5.363665265848521248e-03 -5.917259644804474528e-01
2.083418472797516352e-01 -1.113286986774775916e-01 -2.978539481224523958e-02 2.563894260358344415e-03 -3.391115662043944767e-01
2.086889171254292519e-01 -1.066117476767780986e-01 -2.975947943929965755e-02 3.182568662217438206e-03 -3.699163976335611004e-01
2.025115703088036512e-01 -1.231885208579190649e-01 -2.975423149158720748e-02 4.638952823923382651e-03 -1.887778329667852306e+00
1.821682584890419732e-01 -1.465612039299150349e-01 -2.964301814095062632e-02 5.047681197649933615e-02 8.652515931972060148e-01
1.683495877439377120e-01 -1.131027020983718379e-01 -2.867080332255523417e-02 1.569959502997146303e-02 4.443472746423245967e-01
1.646393026335963017e-01 -1.062071754949262536e-01 -2.833841412721766623e-02 -6.372846152527316017e-03 -1.464217696909390076e+00
1.849201107123076560e-01 -1.447286728209357665e-01 -2.834120897585297102e-02 2.761907347087002793e-02 3.832069557586043063e-01
1.839344575910090152e-01 -1.362091811001629182e-01 -2.767555525594427024e-02 7.574496599868261841e-03 -1.264021050700474103e+00
1.679487377213148835e-01 -1.780704820182026915e-01 -2.747937145341114093e-02 3.587492803066184149e-02 2.544049651667016354e-01
1.772596022970001906e-01 -1.658621781682515506e-01 -2.666590813185461609e-02 1.979927934861600014e-02 8.229523484598437744e-01
1.715674131633885269e-01 -1.477257488249061890e-01 -2.620573323480318226e-02 -1.283084610459704102e-02 -2.362678440187939266e+00
1.777097634669659032e-01 -1.870940519667439461e-01 -2.638811470966752684e-02 4.800604607088010400e-02 1.616960046002500206e+00
1.532288641377889116e-01 -1.538020403936619651e-01 -2.545581046345505444e-02 -7.679230218024749727e-03 -1.267715579901123046e+00
1.617332422378946477e-01 -1.824832513259839750e-01 -2.558231639598581436e-02 2.128078111099531225e-02 -1.102616483432206085e-01
1.538143194559934424e-01 -1.946485874182897757e-01 -2.527605595806295055e-02 1.616203902252818028e-02 -8.673233403355519178e-01
1.558613802344307464e-01 -2.115881431087760223e-01 -2.501532191526720586e-02 3.364295209998036801e-02 -1.313229594348190199e+00
1.467516059791705296e-01 -2.337672135868950618e-01 -2.437378897715987425e-02 6.417185355347551634e-02 1.043199169212513766e+00
1.295377480369588330e-01 -1.992131715363586464e-01 -2.304546928139853193e-02 2.608208645745369383e-02 -4.058563197942222645e-01
1.198470605857902410e-01 -2.036543926620083267e-01 -2.246235288590817114e-02 3.063346547347069876e-02 -3.911342727778542305e-01
1.070779936372150964e-01 -2.020257117703981031e-01 -2.177904062012812544e-02 3.489787083175563409e-02 -1.942054120686228513e-01
1.033451069283698454e-01 -2.023921155348822609e-01 -2.115927752299870401e-02 3.381303567952803624e-02 -1.151470669084516257e-01
1.044907127381547035e-01 -1.957111375881144533e-01 -2.038822971074884596e-02 3.062255776557847725e-02 6.531723001061630063e-01
1.051141209740769633e-01 -1.775535698185378430e-01 -1.986342443337438951e-02 5.131807196083186529e-03 -9.947938182281783615e-01
9.914353093386131521e-02 -1.969036459501430913e-01 -1.982468368900082781e-02 2.792352475807488923e-02 -5.892573375749651232e-01
1.012716140689738226e-01 -1.959008722789024048e-01 -1.922787615756979540e-02 3.883696023750295850e-02 6.282664365735873835e-02
1.022149500122550153e-01 -1.941342600827091203e-01 -1.834942565269813766e-02 3.096694535364094905e-02 -3.983583067586909388e-01
8.990117066837848003e-02 -2.108612011685556953e-01 -1.774803975210826820e-02 3.671673784971182797e-02 -6.407575959923078601e-01
7.444710759845417358e-02 -2.327948980902234122e-01 -1.712755141444218324e-02 4.986947592125687972e-02 6.856587240611888845e-02
7.302452065672665471e-02 -2.152868459590641659e-01 -1.608907111936454595e-02 4.258281692628033271e-02 4.662866128180190861e-01
6.849975777348012163e-02 -2.170594310716781883e-01 -1.508323016122123557e-02 2.380414308821578173e-02 -7.562199851666949746e-01
5.744471409611054402e-02 -2.429313275360236446e-01 -1.471161675781040325e-02 4.119403693517171422e-02 6.590044359815292463e-01
6.238504153413779174e-02 -2.444550984972216623e-01 -1.387197898364423733e-02 1.725748490064298729e-02 -1.145963588571661695e+00
4.310111473686009664e-02 -2.753144455317333983e-01 -1.368481011764237712e-02 4.643024480226249501e-02 -4.330125621361723409e-01
5.559195711318758171e-02 -2.876946344898767549e-01 -1.272717548744064023e-02 5.475627580825946639e-02 3.736511308603345793e-01
5.714327764827176886e-02 -2.988636435430604421e-01 -1.172471724509764439e-02 3.984797645760541907e-02 -9.300366422956338752e-01
3.726261142660020759e-02 -2.931553937503149077e-01 -1.098241596397905515e-02 6.327066637872148791e-02 -2.484251428843009535e-02
2.024963672666779332e-02 -2.944887686168293772e-01 -9.884537754469555071e-03 6.051669139747857529e-02 1.566297262027046000e-01
3.619092624108222536e-03 -2.998601559604695543e-01 -8.584395248499646081e-03 5.281900310312841879e-02 2.831713490556648227e-01
-6.281763052422055515e-03 -3.066865247543179018e-01 -7.452075228649553996e-03 4.187290269974804774e-02 -1.161007469566574635e+00
-7.151329353160607201e-03 -3.209032673467654972e-01 -6.638640730649776264e-03 7.356402460854478964e-02 1.170036979766944096e-01
-2.408192636965299227e-02 -3.117408522458710585e-01 -5.187863561401337767e-03 6.795842718427266838e-02 6.153800717951013466e-01
-2.986163784079266456e-02 -3.099502575772552504e-01 -3.809276224618577539e-03 4.824149081540975159e-02 -5.954820856891134273e-01
-3.464917699466450035e-02 -3.346915313784992185e-01 -2.894359506207171660e-03 6.464079561030545984e-02 5.290106695091083555e-01
-3.833783204754176444e-02 -3.320803559307597408e-01 -1.384943352898818482e-03 4.834186192847231278e-02 1.369355066871656978e-01
-4.039431814310252139e-02 -3.237035941235019143e-01 -4.881010462130496710e-04 4.407004697755999290e-02 -7.903701245646942430e-01
-3.162114967809970950e-02 -3.370351410044641893e-01 6.148803879995617819e-04 6.715016743810188482e-02 1.142413122598717301e+00
-3.928953017080771132e-02 -3.149504637781528338e-01 1.867403834152317433e-03 3.382446095230701860e-02 -1.011719359088507852e+00
-5.044619197808195010e-02 -3.292738409613680806e-01 2.664182709848885583e-03 6.403897894741449048e-02 3.719716968376978183e-01
-6.531135333706530877e-02 -3.251806185749612776e-01 3.957806344445249577e-03 5.391700202614781168e-02 -1.472586601497342107e-01
-7.306312546499349470e-02 -3.226797459265531298e-01 4.998575939638370477e-03 5.953656225543494523e-02 5.229573131743028291e-01
-6.830111025612793652e-02 -3.049198626550628788e-01 6.285833683178003971e-03 4.582954521536793807e-02 -1.469931248638380872e-01
-7.143609736548164890e-02 -3.065305130416483004e-01 7.219562805614797643e-03 5.198587123567785517e-02 1.028778038196741740e+00
-6.777455364435631957e-02 -2.927003587579321553e-01 8.227204912110600704e-03 2.425243845272355078e-02 -6.758315415670979043e-01
-6.264130779517665393e-02 -3.104953578954967042e-01 8.572059849915670757e-03 4.675482692534118495e-02 2.834295153403277867e-01
-5.992022095583446339e-02 -3.129705548216854538e-01 9.494028000541821638e-03 4.129590288682711413e-02 -7.493705093029121578e-01
-6.929946719583111869e-02 -3.201700033488122932e-01 1.032570104525639722e-02 6.617157368052709043e-02 5.432056399560947213e-01
-7.350081435530310403e-02 -3.009071923971088358e-01 1.169791139623788112e-02 5.344173484756729875e-02 2.221018358089194844e-01
-7.142474122410837067e-02 -2.979435844662562394e-01 1.273978114454317641e-02 5.073166944541051410e-02 2.741839419270660771e-01
-8.667944382340608822e-02 -2.982698823780939867e-01 1.403087753675952461e-02 4.667427382986099466e-02 5.889967747407182097e-02
-8.228423362930070706e-02 -2.996898191576456982e-01 1.493485449264936142e-02 4.948108741867601745e-02 2.907531296428399470e-01
-6.612972223187571497e-02 -3.110724854745322565e-01 1.594254760586225755e-02 4.562484870999052033e-02 1.694705769687855357e-01
-7.320841702076910651e-02 -3.120685958190513309e-01 1.680568307479514759e-02 4.569256615669901184e-02 -3.551582464484348001e-01
-9.314765604515481967e-02 -3.196178685371964812e-01 1.770116119393047582e-02 6.128808317696553265e-02 1.998166264560822802e-01
-1.093366906428402258e-01 -3.137640772483549223e-01 1.887487492045002158e-02 6.107616551512495828e-02 8.454219876957649316e-01
-1.136933798123979378e-01 -2.965077090257475789e-01 2.008737877843289402e-02 4.228969155939048263e-02 -3.114578229347294558e-01
-1.111018418189555074e-01 -3.027713899318792978e-01 2.078269573226506836e-02 5.767654320482929614e-02 4.226452439651743886e-01
-1.154678628626089054e-01 -3.032197853324769543e-01 2.183899358763650642e-02 5.193362776080562293e-02 -7.464613719054094543e-02
-1.208254417061765257e-01 -2.940227057982313652e-01 2.285687825275237520e-02 6.084795382607257469e-02 7.372432637539833022e-01
-1.436448106538446567e-01 -2.738728088728619170e-01 2.411548774486364094e-02 4.637057043410881124e-02 -1.013497382882166953e+00
-1.473444365492678765e-01 -2.953363201654222725e-01 2.500271410742992834e-02 8.352755144577128643e-02 1.303778046854018324e+00
-1.569792719896631605e-01 -2.517591211464532130e-01 2.664427001962761318e-02 5.325965325729335731e-02 2.197136056683380856e-01
-1.623526965538973077e-01 -2.587757237673718458e-01 2.780141205815497493e-02 5.509606407056980015e-02 1.163470673572728487e+00
-1.680310898298883193e-01 -2.472843346113292873e-01 2.889423195579101517e-02 2.986879018135980488e-02 -5.303457663391875077e-01
-1.587628128460253640e-01 -2.666349865410559961e-01 2.963312270723035893e-02 5.453743172322153554e-02 1.404156123366256725e+00
-1.515895082374986991e-01 -2.351651399377300833e-01 3.071684952687441308e-02 2.277186598710736684e-02 -1.648020195407110533e+00
-1.475855282407048941e-01 -2.629924593639881847e-01 3.110557747173221463e-02 8.055496561688338386e-02 1.690599530445143994e+00
-1.502266123510919704e-01 -2.382715110039772544e-01 3.264603034693477901e-02 4.100701094425229093e-02 -1.144160369880918182e+00
-1.552185156323100113e-01 -2.553869645668187527e-01 3.356458875783870782e-02 8.482405188396366369e-02 1.341081675075607826e+00
-1.663554100077760667e-01 -2.213296675641888145e-01 3.537176050971108099e-02 5.603778326891369760e-02 6.861443734717348475e-01
-1.757151957942676979e-01 -2.093164326571654854e-01 3.621521838048057801e-02 4.734625999735643520e-02 6.828174002716849156e-01
-1.839041532749032537e-01 -1.976583580316294830e-01 3.731710223179162539e-02 3.882052473297215728e-02 5.396330402540210347e-01
-1.821791707100498814e-01 -1.913008991747945919e-01 3.813940792001733332e-02 3.484883386298220226e-02 3.877694045351666174e-01
-1.604493593704923726e-01 -1.878001506175931701e-01 3.885233356709068969e-02 3.556573692279289128e-02 2.946448870203826065e-01
-1.785593709068251933e-01 -1.669146957111843077e-01 3.943896875862933082e-02 3.913371099327368069e-02 1.223833208009816431e+00
-1.653195855083724741e-01 -1.504859484491751775e-01 4.037082169479164900e-02 1.602022904186232652e-02 3.892244020082908929e-01
-1.718926578450454268e-01 -1.292166253692805522e-01 4.066215925388885766e-02 1.726292722309298588e-02 6.498042740728423583e-01
-1.790011781758474030e-01 -1.272308238694301874e-01 4.110351311987931605e-02 1.095959963117973217e-02 -2.523066261161985846e-01
-1.807772674837796745e-01 -1.235923732710573486e-01 4.116340268371845856e-02 3.124172938742456399e-02 3.032296960447444789e-02
-1.621259522613032744e-01 -1.315032262790549467e-01 4.175977758966767373e-02 4.335758381071151690e-02 1.900888179133570777e+00
-1.690005020249560619e-01 -9.593869195009306627e-02 4.260874749102807474e-02 1.060438174349100180e-03 -7.112208016519870890e-01
-1.713986347060634796e-01 -9.254518270899546317e-02 4.270552999040577724e-02 3.528673049048797195e-02 1.443978086370182989e+00
-1.871620062856052258e-01 -4.808446861525089711e-02 4.325256837995691828e-02 6.577150965099874506e-03 -2.348227077596011236e-01
-1.851050720512985304e-01 -4.305374027233721534e-02 4.356046130322228926e-02 2.719247541674360905e-02 -6.423568421176062415e-01
-1.783347108032971862e-01 -5.101534573972474340e-02 4.408717698683290581e-02 5.970576705873707757e-02 2.453989125901341328e+00
-1.909276790676199820e-01 -6.915168769203162286e-03 4.528555618868639054e-02 1.784188901795028762e-03 8.141061713610710238e-02
-2.032962543800939659e-01 -6.681158403344356587e-03 4.527445962300286064e-02 1.359277044293579102e-02 1.148264394326036442e+00
-1.993523535522823409e-01 8.006210072443613324e-03 4.573897304286441562e-02 -5.677956556194731393e-03 -2.640609296108928361e-01
-1.915460047996298820e-01 2.299273868676559619e-03 4.555071885256893605e-02 1.662131842249819913e-02 1.375892821983923930e+00
-1.987093723998362427e-01 1.248914948350779777e-02 4.582545418870102166e-02 -9.300327590505572117e-03 -5.923274260608837327e-01
-1.912997728589883595e-01 5.067243581926563281e-03 4.582328455623263519e-02 2.234132917279229788e-02 9.577971660101123330e-01
-1.868667021043116105e-01 2.770277163049805758e-02 4.638220485659708819e-02 8.863274484945371165e-03 7.446345068334653261e-01
-1.909808089890120686e-01 5.326507809565018264e-02 4.653523090121569616e-02 1.690024315693845454e-03 2.218471886001438520e-03
-2.012068425168925812e-01 5.589748143958220977e-02 4.664384204494603087e-02 1.618720449520176172e-02 1.360365176436249213e+00
-1.822683528533893538e-01 6.579033476537907155e-02 4.706760035633843903e-02 -8.907930163402031157e-03 1.034602733279764264e+00
-1.804841962139214773e-01 8.454527758871363541e-02 4.684132600988390877e-02 -2.430381373777979262e-02 3.016717361476639603e-02
-1.861373068466977143e-01 7.511873918215963841e-02 4.647811799586134412e-02 -1.046272721462197970e-02 2.066866624912143680e-01
-1.847004154562797706e-01 7.175380604535804008e-02 4.627255267840383463e-02 -1.798004859764162824e-03 6.772121305652178958e-01
-1.861819512501077523e-01 8.057683549288727209e-02 4.632740850972561636e-02 -6.985207150862557911e-03 -4.557956877287319131e-01
-1.884319906307798664e-01 7.175803384502645044e-02 4.617428859141840813e-02 2.097011328938782476e-02 1.984809869766225976e+00
-1.922657787423497910e-01 1.023172355032344605e-01 4.659567798447198511e-02 -2.239435089164719742e-02 -1.398085527681042772e-01
-1.753859157408168001e-01 1.021777623810166818e-01 4.613744135631491633e-02 -3.558698501228066760e-03 1.495888286051580973e+00
-1.763131802545827853e-01 1.080866077002127917e-01 4.612963893806660415e-02 -3.259746864836897406e-02 -1.159982186643381041e+00
-1.797432157709019651e-01 6.893334613416376988e-02 4.564538218750265747e-02 1.579344567273459343e-02 1.609782248346002254e+00
-1.696235221219030143e-01 9.225279145094945898e-02 4.584838790900472999e-02 -1.677532470279106264e-02 -1.620644546965753496e-02
-1.669131826562754162e-01 1.048518150709575741e-01 4.573040999047120470e-02 -1.965141218618073407e-03 1.276144391486034868e+00
-1.644007260723679975e-01 1.205769874364091138e-01 4.564211959609960900e-02 -2.470807406023812006e-02 1.160416815646333921e+00
-1.520476476425762502e-01 1.426818257973649084e-01 4.498121371551245390e-02 -4.414781471813988833e-02 -1.664789883674445914e+00
-1.449414683300196405e-01 1.146408742189440333e-01 4.406521778586034582e-02 1.883745866242705208e-02 1.908781338793537730e+00
-1.334885722875153724e-01 1.488574809771510410e-01 4.445720799638764459e-02 -2.314131632632020902e-02 1.833252836280464260e-01
-1.247976895407232750e-01 1.752172095046057865e-01 4.418860328657295278e-02 -1.439374155219718884e-02 1.521313000707805729e+00
-1.245116793758032636e-01 2.067083618817919244e-01 4.385293491310568448e-02 -4.519420418915678223e-02 -3.846191211437932633e-01
-1.102931282999400076e-01 1.900754264060285359e-01 4.288384353683215300e-02 -2.017516303063427233e-02 1.077412815825158798e+00
-1.133167022175809863e-01 1.941094199092516515e-01 4.261278436511668766e-02 -3.811036814605864992e-02 -6.269091800893060729e-01
-1.103696856216682676e-01 1.788077183693708994e-01 4.179652876809306777e-02 -6.482497636812311476e-03 7.600046632242115630e-01
-9.838825126742335725e-02 1.946793018578503731e-01 4.166610963607277063e-02 -1.558991059896321779e-02 4.612753119770948151e-01
-8.310641176145786013e-02 2.217200552553049153e-01 4.149078269819726772e-02 -1.615489900744757068e-02 1.163415649761905701e+00
-8.903173364259127365e-02 2.486451975140280823e-01 4.111158303188822138e-02 -3.700858746878334105e-02 1.483858497520164077e+00
-8.191638670868903183e-02 2.857406870333161764e-01 4.025737260883609919e-02 -6.749836237249980109e-02 -1.372182495517554113e+00
-7.888063079918167242e-02 2.567603712679014105e-01 3.885068530494686229e-02 -1.470265651806539238e-02 1.863612395485126694e+00
-5.949473280025905503e-02 2.877299344201828535e-01 3.846057820769841623e-02 -5.690516618911328067e-02 -9.586127653768105050e-01
-3.533710025173692620e-02 2.629704713864775001e-01 3.742467635866830039e-02 -1.674333648298061833e-02 1.323442277347982809e+00
-2.873414568132165448e-02 2.850841776766085967e-01 3.703445964661750828e-02 -4.352412894773702995e-02 -7.316677354088561014e-01
3.994679480143759065e-03 2.766355222446614803e-01 3.623656895827968849e-02 -1.034385902695017685e-02 3.120366274200832457e+00
-1.027696766395913217e-02 3.386946843025788190e-01 3.605994803005203864e-02 -9.031117268106723939e-02 -9.612930167402861104e-01
1.266175938289067909e-02 3.175393080324372397e-01 3.422622006485919605e-02 -5.083255937973498589e-02 3.306522346030392745e-01
1.081397925531162388e-02 3.180337431743987531e-01 3.328406412482937116e-02 -4.976332171918049913e-02 8.917790478570135626e-01
5.205453826042920340e-03 3.195268130397717621e-01 3.248034538519974090e-02 -6.564037694498432718e-02 -3.717655243899752882e-01
1.492668885488681110e-02 3.046618769809665284e-01 3.108690874401912746e-02 -4.451771584391796266e-02 -1.103047284273783735e-01
2.439975421889231666e-02 3.048974392232026154e-01 3.020523648522384710e-02 -3.143275232966538657e-02 1.584205746715221519e+00
2.917265125880108556e-02 3.313735204480400265e-01 2.986772357075114306e-02 -6.815413884458436378e-02 3.186171793223240289e-01
3.398186616602828086e-02 3.361833878806425591e-01 2.842766638014609937e-02 -6.797318302538361834e-02 -5.804026734725489245e-01
4.100142453686746180e-02 3.211890520914985059e-01 2.703421684176915071e-02 -4.180048855943110236e-02 7.754128601730048143e-02
5.049659785073139923e-02 3.315520372561236995e-01 2.607284057070171496e-02 -3.557481812172384739e-02 1.393517544166033684e+00
4.738884801212702585e-02 3.589205133636461098e-01 2.517642792042446356e-02 -6.799485198401265806e-02 -2.246103272439903265e-03
6.506076125749589434e-02 3.789211790814919767e-01 2.362302845778444307e-02 -5.999268497697513025e-02 -1.197954984253289945e-01
9.448348386820487610e-02 3.821734960997542063e-01 2.247871911552527108e-02 -4.916372114408032457e-02 4.374006663967543451e-01
1.001347547910043795e-01 3.932025386348557139e-01 2.134973293407209025e-02 -5.514271297199203198e-02 2.318198630263419435e-01
1.089219109155180748e-01 4.075379418866118542e-01 2.023393478521522126e-02 -5.495717531857625265e-02 7.331204799394230864e-01
1.320844704555233506e-01 4.113151497871987416e-01 1.893735362733881336e-02 -7.024348468358873609e-02 -1.491767113251514787e-01
1.362592260116433640e-01 4.307303149564025713e-01 1.736964684490231725e-02 -5.990514002258710141e-02 8.909006014834357501e-01
1.478871411358634314e-01 4.676422264725643152e-01 1.595665360909678809e-02 -8.035885066394389542e-02 4.641155200841412531e-01
1.376862234918411476e-01 4.601483503517177498e-01 1.433946719659418174e-02 -8.870144710203624328e-02 -7.259096807146134256e-02
1.544385263902157135e-01 4.679293227299443081e-01 1.267775470213292760e-02 -8.214596629580335485e-02 -1.878625692882139320e-01
1.686147862798889896e-01 4.588805691671656306e-01 1.124303921185323789e-02 -7.267976411680422688e-02 1.262751384035769586e-01
1.929934982024744117e-01 4.650180727265484926e-01 9.864347745091003525e-03 -7.290505588634382805e-02 1.112773415586498782e-01
1.968066396049399924e-01 4.721416574740108785e-01 8.424711330126330444e-03 -7.313829208321392938e-02 1.533308622645455532e+00
2.048694513929737726e-01 5.004399857757863002e-01 6.891957161254311758e-03 -1.153269362046801944e-01 -3.537469891194597871e-01
2.157556836236168285e-01 4.985187715685097110e-01 4.543533864903540921e-03 -1.027055056171844588e-01 3.485073151790220036e-01
2.210611166933258431e-01 5.121252222265947340e-01 2.488720283416799833e-03 -1.115587963736033861e-01 -9.617693224723964374e-01
2.390590388060627736e-01 4.957500329333186517e-01 4.022306731831764692e-04 -8.259891768603137840e-02 7.303853493268552821e-01
2.664715989606856739e-01 5.088545290933860210e-01 -1.129430868049316949e-03 -1.036452052778856492e-01 3.870049360542902050e-01
2.689931338956786377e-01 5.145055320495108830e-01 -3.149132290169549212e-03 -1.153442803843431619e-01 -1.288669289842237387e+00
2.626471882656676859e-01 4.964560575108925011e-01 -5.339133010153998549e-03 -7.844592569774973267e-02 8.054794642812228567e-01
2.586197208085974641e-01 5.129038162120274080e-01 -7.065575069271907808e-03 -1.038199428623805820e-01 -3.490024645489380184e-01
2.632990027571815994e-01 5.039340739856756901e-01 -8.977106997220617168e-03 -9.602129329013195380e-02 -9.117207271867745488e-01
2.753092466177551323e-01 4.810763264628636349e-01 -1.088935533034271486e-02 -7.209171160506444576e-02 4.160973388853156374e-01
2.716008925718231271e-01 4.824729258901671036e-01 -1.237877066244768079e-02 -8.785640669941791048e-02 2.691307466525205694e-01
2.640238289420315243e-01 4.860438267635999732e-01 -1.392217958998829413e-02 -9.956097224553607516e-02 -2.837191980051226858e-01
2.670203784624625709e-01 4.858297083273993011e-01 -1.595939975024958379e-02 -9.564089557651318796e-02 -5.338355866420054774e-01
